referPoint.HPT = ...
[10;
 10;
 11;
 10;
 11;
 10;
 11;
 10;
 11;
 10;
 11;
 10;
 11;
 10;
 11;
 10;
 11;
 10;
 11;
 10;
 11;
 10;
 11;
 10;
 11;
 26;
 27;
 26;
 27;
 26;
 27;
 26;
 27;
 26;
 27;
 26];