referPoint.HPT = ...
[8 ;
 8 ;
 15;
 8 ;
 8 ;
 8 ;
 8 ;
 8 ;
 15;
 15;
 15;
 22;
 15;
 15;
 15;
 22;
 22;
 22;
 22;
 22;
 22;
 22;
 22;
 27;
 27;
 27;
 27;
 27;
 27;
 27;
 34;
 27;
 27;
 34;
 34;
 34;
 34;
 42;
 42;
 34;
 34;
 42;
 42;
 42;
 42;
 42;
 53;
 53;
 53;
 53;
 53;
 53;
 53;
 53;
 53;
 53;
 53;
 53;
 53;
 60;
 60;
 60;
 60;
 60;
 60;
 60;
 60;
 60;
 60;
 22;
 22];