referPoint.HPT = ...
[10;
 10;
 11;
 10;
 11;
 10;
 11;
 10;
 11;
 10;
 11;
 10;
 11;
 10;
 11;
 10;
 11;
 10];