referPoint.HPT = ...
[38;
 39;
 38;
 38;
 39;
 38;
 38;
 39;
 38;
 38;
 39;
 40;
 41;
 40;
 40;
 40;
 41;
 40;
 40;
 41;
 40;
 40;
 41;
 62;
 63;
 62;
 63;
 62;
 62;
 62;
 63;
 62;
 62;
 62;
 63;
 64;
 65;
 64;
 64;
 65;
 64;
 64;
 65;
 64;
 74;
 65];